LOOKUP RATE WITH FILE:
1) DT_D
3.355704698,3.2679738562,3.0674846626,3.0487804878
3.8759689922,3.5211267606,3.164556962,2.9069767442
1.6722408027,1.8115942029,1.8656716418,1.8518518519
3.8167938931,3.6764705882,3.6496350365,3.7878787879

2)DT_R
3.4722222222,3.2894736842,3.2051282051,3.164556962
3.7593984962,3.355704698,3.0674846626,2.7322404372
1.5432098765,1.7301038062,1.7182130584,1.6556291391
3.6231884058,3.4246575342,3.6764705882,3.7037037037

3)RV_D
1.8315018315,1.8115942029,1.7482517483,1.6891891892
2.0920502092,1.6835016835,1.497005988,1.3774104683
1.953125,2.0161290323,1.968503937,1.9305019305
2.1645021645,2.0746887967,2.0661157025,2.0833333333

4)RV_R
1.7921146953,1.7421602787,1.7482517483,1.6501650165
2.0746887967,1.724137931,1.4619883041,1.3736263736
1.9305019305,1.8248175182,1.724137931,1.7123287671
2.1008403361,2.1097046414,2.0746887967,2.0491803279

HASH(FILTER LOOKUP)

BLOOM:16338760,20161790,23794810,27107540
CUCKOO:15858400,15593830,15473470,15418570

FIB LOOKUP:
BASE VPP:8195350,8075990,8026410,8007850
BLOOM:692960,953300,1310850,1724740
CUCKOO:564160,616820,664940,704220












